3
2
1
-4.31602e+08
-4.31602e+08
-4.31602e+08
-4.31602e+08
-4.31602e+08
-4.31602e+08
-4.31602e+08
-4.31602e+08
-4.31602e+08
-4.31602e+08
2
-4.31602e+08
-4.31602e+08
-4.31602e+08
-4.31602e+08
-4.31602e+08
-4.31602e+08
-4.31602e+08
-4.31602e+08
-4.31602e+08
-4.31602e+08
-4.31602e+08
1
4
-4.31602e+08
-4.31602e+08
-4.31602e+08
-4.31602e+08
-4.31602e+08
-4.31602e+08
-4.31602e+08
-4.31602e+08
-4.31602e+08
-4.31602e+08
-4.31602e+08
-4.31602e+08
-4.31602e+08
-4.31602e+08
1
1
-4.31602e+08
-4.31602e+08
-4.31602e+08
-4.31602e+08
-4.31602e+08
-4.31602e+08
-4.31602e+08
-4.31602e+08
-4.31602e+08
-4.31602e+08
